[problem]
n = 3D
type = mechanics
analysis = harmonic

[frequencies]
Hz
list
103
0.01  
0.1   
0.2 
0.25
0.26
0.27
0.28
0.29  
0.3 
0.31
0.32
0.33
0.34
0.35   
0.4   
0.5   
0.6    
0.7   
0.8     
0.9
1.     
1.1   
1.2   
1.3    
1.4   
1.5   
1.6    
1.7   
1.8     
1.9
1.93
1.94
1.95
1.96
1.97
1.98
1.99
2.  
2.01
2.02
2.03
2.04
2.05
2.06   
2.1   
2.2   
2.3    
2.4   
2.5   
2.6    
2.7   
2.8     
2.9
3.     
3.1   
3.2   
3.3    
3.4   
3.5   
3.6    
3.7   
3.8     
3.9
4.     
4.1   
4.2   
4.3    
4.4   
4.5   
4.6    
4.7   
4.8     
4.9
5.     
5.1   
5.2   
5.3    
5.4 
5.45
5.46
5.47
5.48
5.49  
5.5 
5.51
5.52
5.53
5.54
5.55  
5.6    
5.7   
5.8     
5.9
6.     
6.1   
6.2   
6.3    
6.4   
6.5   
6.6    
6.7   
6.8     
6.9


[nodes]
         814
           1   -4.0000000000000000e+01  -1.0000000000000000e+01   1.2000000000000000e+02
           2   -4.0000000000000000e+01  -1.0000000000000000e+01   1.2000000000000000e+02
           3   -4.0000000000000000e+01  -1.0000000000000000e+01   1.2000000000000000e+02
           4   -4.0000000000000000e+01  -5.0000000000000000e+00   1.2000000000000000e+02
           5   -4.0000000000000000e+01  -5.0000000000000000e+00   1.2000000000000000e+02
           6   -4.0000000000000000e+01  -1.0000000000000000e+01   1.1450000000000000e+02
           7   -4.0000000000000000e+01  -1.0000000000000000e+01   1.1450000000000000e+02
           8   -3.3333333333333343e+01  -1.0000000000000000e+01   1.2000000000000000e+02
           9   -3.3333333333333343e+01  -1.0000000000000000e+01   1.2000000000000000e+02
          10   -4.0000000000000000e+01  -5.0000000000008615e+00   1.1449999999999820e+02
          11   -3.3333333333333343e+01  -5.0000000000000000e+00   1.2000000000000000e+02
          12   -3.3333333333222924e+01  -1.0000000000000000e+01   1.1449999999998717e+02
          13   -4.0000000000000000e+01   0.0000000000000000e+00   1.2000000000000000e+02
          14   -4.0000000000000000e+01   0.0000000000000000e+00   1.2000000000000000e+02
          15   -4.0000000000000000e+01   0.0000000000000000e+00   1.2000000000000000e+02
          16   -4.0000000000000000e+01  -1.0000000000000000e+01   1.0900000000000000e+02
          17   -4.0000000000000000e+01  -1.0000000000000000e+01   1.0900000000000000e+02
          18   -4.0000000000000000e+01   0.0000000000000000e+00   1.1450000000000000e+02
          19   -4.0000000000000000e+01   0.0000000000000000e+00   1.1450000000000000e+02
          20   -3.3333333333333336e+01   0.0000000000000000e+00   1.2000000000000000e+02
          21   -3.3333333333333336e+01   0.0000000000000000e+00   1.2000000000000000e+02
          22   -4.0000000000000000e+01  -5.0000000000007621e+00   1.0899999999999839e+02
          23   -3.3333333333223429e+01  -1.0000000000000000e+01   1.0899999999998641e+02
          24   -3.3333333333317690e+01   0.0000000000000000e+00   1.1450000000003405e+02
          25   -2.6666666666666671e+01  -1.0000000000000000e+01   1.2000000000000000e+02
          26   -2.6666666666666671e+01  -1.0000000000000000e+01   1.2000000000000000e+02
          27   -2.6666666666666671e+01  -5.0000000000000000e+00   1.2000000000000000e+02
          28   -2.6666666666559191e+01  -1.0000000000000000e+01   1.1449999999998258e+02
          29   -4.0000000000000000e+01   0.0000000000000000e+00   1.0900000000000000e+02
          30   -4.0000000000000000e+01   0.0000000000000000e+00   1.0900000000000000e+02
          31   -3.3333333333324042e+01   0.0000000000000000e+00   1.0900000000002971e+02
          32   -4.0000000000000000e+01  -1.0000000000000000e+01   1.0350000000000000e+02
          33   -4.0000000000000000e+01  -1.0000000000000000e+01   1.0350000000000000e+02
          34   -2.6666666666666668e+01   0.0000000000000000e+00   1.2000000000000000e+02
          35   -2.6666666666666668e+01   0.0000000000000000e+00   1.2000000000000000e+02
          36   -4.0000000000000000e+01  -5.0000000000051665e+00   1.0350000000000090e+02
          37   -2.6666666666559429e+01  -1.0000000000000000e+01   1.0899999999998218e+02
          38   -2.6666666666653946e+01   0.0000000000000000e+00   1.1450000000003195e+02
          39   -3.3333333333237761e+01  -1.0000000000000000e+01   1.0349999999996379e+02
          40   -4.0000000000000000e+01   0.0000000000000000e+00   1.0350000000000000e+02
          41   -4.0000000000000000e+01   0.0000000000000000e+00   1.0350000000000000e+02
          42   -2.6666666666660646e+01   0.0000000000000000e+00   1.0900000000002990e+02
          43   -2.0000000000000000e+01  -1.0000000000000000e+01   1.2000000000000000e+02
          44   -2.0000000000000000e+01  -1.0000000000000000e+01   1.2000000000000000e+02
          45   -3.3333333333332384e+01   0.0000000000000000e+00   1.0350000000002250e+02
          46   -2.0000000000000000e+01  -5.0000000000000000e+00   1.2000000000000000e+02
          47   -1.9999999999895447e+01  -1.0000000000000000e+01   1.1449999999997462e+02
          48   -2.6666666666572311e+01  -1.0000000000000000e+01   1.0349999999996186e+02
          49   -4.0000000000000000e+01  -1.0000000000000000e+01   9.8000000000000000e+01
          50   -4.0000000000000000e+01  -1.0000000000000000e+01   9.8000000000000000e+01
          51   -2.0000000000000000e+01   0.0000000000000000e+00   1.2000000000000000e+02
          52   -2.0000000000000000e+01   0.0000000000000000e+00   1.2000000000000000e+02
          53   -4.0000000000000000e+01  -4.9999999999594946e+00   9.7999999999979423e+01
          54   -1.9999999999895493e+01  -1.0000000000000000e+01   1.0899999999997493e+02
          55   -3.3333333333254892e+01  -1.0000000000000000e+01   9.7999999999936776e+01
          56   -1.9999999999991687e+01   0.0000000000000000e+00   1.1450000000002863e+02
          57   -2.6666666666666963e+01   0.0000000000000000e+00   1.0350000000002180e+02
          58   -4.0000000000000000e+01   0.0000000000000000e+00   9.8000000000000000e+01
          59   -4.0000000000000000e+01   0.0000000000000000e+00   9.8000000000000000e+01
          60   -1.9999999999998892e+01   0.0000000000000000e+00   1.0900000000003010e+02
          61   -3.3333333333338103e+01   0.0000000000000000e+00   9.8000000000007859e+01
          62   -2.6666666666588210e+01  -1.0000000000000000e+01   9.7999999999936776e+01
          63   -1.9999999999906436e+01  -1.0000000000000000e+01   1.0349999999995825e+02
          64   -1.3333333333333329e+01  -1.0000000000000000e+01   1.2000000000000000e+02
          65   -1.3333333333333329e+01  -1.0000000000000000e+01   1.2000000000000000e+02
          66   -1.3333333333333321e+01  -5.0000000000000000e+00   1.2000000000000000e+02
          67   -1.3333333333235810e+01  -1.0000000000000000e+01   1.1449999999996685e+02
          68   -4.0000000000000000e+01  -1.0000000000000000e+01   9.2500000000000000e+01
          69   -4.0000000000000000e+01  -1.0000000000000000e+01   9.2500000000000000e+01
          70   -2.6666666666672057e+01   0.0000000000000000e+00   9.8000000000008924e+01
          71   -2.0000000000002213e+01   0.0000000000000000e+00   1.0350000000002072e+02
          72   -4.0000000000000000e+01  -5.0000000000048344e+00   9.2500000000001563e+01
          73   -3.3333333333259858e+01  -1.0000000000000000e+01   9.2499999999928932e+01
          74   -1.3333333333333336e+01   0.0000000000000000e+00   1.2000000000000000e+02
          75   -1.3333333333333336e+01   0.0000000000000000e+00   1.2000000000000000e+02
          76   -1.3333333333235220e+01  -1.0000000000000000e+01   1.0899999999996777e+02
          77   -1.3333333333330518e+01   0.0000000000000000e+00   1.1450000000002456e+02
          78   -4.0000000000000000e+01   0.0000000000000000e+00   9.2500000000000000e+01
          79   -4.0000000000000000e+01   0.0000000000000000e+00   9.2500000000000000e+01
          80   -1.9999999999920767e+01  -1.0000000000000000e+01   9.7999999999936307e+01
          81   -3.3333333333354290e+01   0.0000000000000000e+00   9.2500000000010630e+01
          82   -1.3333333333338427e+01   0.0000000000000000e+00   1.0900000000003041e+02
          83   -2.6666666666591986e+01  -1.0000000000000000e+01   9.2499999999930893e+01
          84   -1.3333333333243189e+01  -1.0000000000000000e+01   1.0349999999995524e+02
          85   -2.0000000000006324e+01   0.0000000000000000e+00   9.8000000000010459e+01
          86   -2.6666666666686375e+01   0.0000000000000000e+00   9.2500000000011383e+01
          87   -1.3333333333337977e+01   0.0000000000000000e+00   1.0350000000001943e+02
          88   -4.0000000000000000e+01  -1.0000000000000000e+01   8.7000000000000000e+01
          89   -4.0000000000000000e+01  -1.0000000000000000e+01   8.7000000000000000e+01
          90   -6.6666666666666572e+00  -1.0000000000000000e+01   1.2000000000000000e+02
          91  -6.6666666666666572e+00 -1.0000000000000000e+01  1.2000000000000000e+02
          92  -4.0000000000000000e+01 -4.9999999999182263e+00  8.6999999999960451e+01
          93  -3.3333333333270787e+01 -1.0000000000000000e+01  8.6999999999911722e+01
          94  -6.6666666666666714e+00 -5.0000000000000000e+00  1.2000000000000000e+02
          95  -6.6666666665731924e+00 -1.0000000000000000e+01  1.1449999999995552e+02
          96  -1.9999999999922935e+01 -1.0000000000000000e+01  9.2499999999933522e+01
          97  -4.0000000000000000e+01  0.0000000000000000e+00  8.7000000000000000e+01
          98  -4.0000000000000000e+01  0.0000000000000000e+00  8.7000000000000000e+01
          99  -1.3333333333254867e+01 -1.0000000000000000e+01  9.7999999999936819e+01
         100  -6.6666666666666714e+00  0.0000000000000000e+00  1.2000000000000000e+02
         101  -6.6666666666666714e+00  0.0000000000000000e+00  1.2000000000000000e+02
         102  -6.6666666665723362e+00 -1.0000000000000000e+01  1.0899999999995742e+02
         103  -3.3333333333363697e+01  0.0000000000000000e+00  8.7000000000005187e+01
         104  -6.6666666666701140e+00  0.0000000000000000e+00  1.1450000000001998e+02
         105  -2.0000000000017849e+01  0.0000000000000000e+00  9.2500000000012506e+01
         106  -2.6666666666601429e+01 -1.0000000000000000e+01  8.6999999999915943e+01
         107  -1.3333333333340850e+01  0.0000000000000000e+00  9.8000000000012420e+01
         108  -6.6666666666787648e+00  0.0000000000000000e+00  1.0900000000003078e+02
         109  -2.6666666666694990e+01  0.0000000000000000e+00  8.7000000000007077e+01
         110  -6.6666666665775480e+00 -1.0000000000000000e+01  1.0349999999995006e+02
         111  -1.3333333333254439e+01 -1.0000000000000000e+01  9.2499999999937501e+01
         112  -4.0000000000000000e+01 -1.0000000000000000e+01  8.1500000000000000e+01
         113  -4.0000000000000000e+01 -1.0000000000000000e+01  8.1500000000000000e+01
         114  -6.6666666666740468e+00  0.0000000000000000e+00  1.0350000000001796e+02
         115  -1.9999999999930459e+01 -1.0000000000000000e+01  8.6999999999922196e+01
         116  -4.0000000000000000e+01 -5.0000000000182423e+00  8.1500000000008640e+01
         117  -3.3333333333273316e+01 -1.0000000000000000e+01  8.1499999999907672e+01
         118  -1.3333333333348850e+01  0.0000000000000000e+00  9.2500000000013912e+01
         119  -4.0000000000000000e+01  0.0000000000000000e+00  8.1500000000000000e+01
         120  -4.0000000000000000e+01  0.0000000000000000e+00  8.1500000000000000e+01
         121  -2.0000000000025231e+01  0.0000000000000000e+00  8.7000000000009862e+01
         122  -6.6666666665870515e+00 -1.0000000000000000e+01  9.7999999999936051e+01
         123   0.0000000000000000e+00 -1.0000000000000000e+01  1.2000000000000000e+02
         124   0.0000000000000000e+00 -1.0000000000000000e+01  1.2000000000000000e+02
         125   0.0000000000000000e+00 -5.0000000000000000e+00  1.2000000000000000e+02
         126  -3.3333333333367683e+01  0.0000000000000000e+00  8.1499999999996930e+01
         127   8.4845908077113563e-11 -1.0000000000000000e+01  1.1449999999994617e+02
         128  -2.6666666666603732e+01 -1.0000000000000000e+01  8.1499999999912291e+01
         129  -6.6666666666755461e+00  0.0000000000000000e+00  9.8000000000014680e+01
         130   0.0000000000000000e+00  0.0000000000000000e+00  1.2000000000000000e+02
         131   0.0000000000000000e+00  0.0000000000000000e+00  1.2000000000000000e+02
         132   8.7332807652273914e-11 -1.0000000000000000e+01  1.0899999999994833e+02
         133  -1.0050626997326617e-11  0.0000000000000000e+00  1.1450000000001502e+02
         134  -2.6666666666698120e+01  0.0000000000000000e+00  8.1499999999999133e+01
         135  -1.3333333333259006e+01 -1.0000000000000000e+01  8.6999999999930338e+01
         136  -1.9547030660760356e-11  0.0000000000000000e+00  1.0900000000003114e+02
         137  -6.6666666665843515e+00 -1.0000000000000000e+01  9.2499999999941224e+01
         138   8.6920692865533056e-11 -1.0000000000000000e+01   1.0349999999994520e+02
         139   -1.9999999999932591e+01  -1.0000000000000000e+01   8.1499999999919254e+01
         140   -1.3333333333354727e+01   0.0000000000000000e+00   8.7000000000013387e+01
         141   -4.0000000000000000e+01  -1.0000000000000000e+01   7.6000000000000000e+01
         142   -4.0000000000000000e+01  -1.0000000000000000e+01   7.6000000000000000e+01
         143   -4.0000000000000000e+01  -5.0000000000000000e+00   7.6000000000000000e+01
         144   -6.6666666666795251e+00   0.0000000000000000e+00   9.2500000000015518e+01
         145   -1.0288658813806251e-11   0.0000000000000000e+00   1.0350000000001634e+02
         146   -3.3333333333333336e+01  -1.0000000000000000e+01   7.6000000000000000e+01
         147   -2.0000000000027100e+01   0.0000000000000000e+00   8.1500000000002444e+01
         148   -4.0000000000000000e+01   0.0000000000000000e+00   7.6000000000000000e+01
         149   -4.0000000000000000e+01   0.0000000000000000e+00   7.6000000000000000e+01
         150   -3.3333333333333336e+01   0.0000000000000000e+00   7.6000000000000000e+01
         151    8.1971762710963958e-11  -1.0000000000000000e+01   9.7999999999934573e+01
         152   -2.6666666666666668e+01  -1.0000000000000000e+01   7.6000000000000000e+01
         153    6.6666666666666714e+00  -1.0000000000000000e+01   1.2000000000000000e+02
         154    6.6666666666666714e+00  -1.0000000000000000e+01   1.2000000000000000e+02
         155   -1.0309975095879054e-11   0.0000000000000000e+00   9.8000000000017053e+01
         156   -1.3333333333260446e+01  -1.0000000000000000e+01   8.1499999999928036e+01
         157   -6.6666666665861882e+00  -1.0000000000000000e+01   8.6999999999939206e+01
         158    6.6666666666666572e+00  -5.0000000000000000e+00   1.2000000000000000e+02
         159    6.6666666667444545e+00  -1.0000000000000000e+01   1.1449999999993587e+02
         160   -2.6666666666666668e+01   0.0000000000000000e+00   7.6000000000000000e+01
         161    6.6666666666666572e+00   0.0000000000000000e+00   1.2000000000000000e+02
         162    6.6666666666666572e+00   0.0000000000000000e+00   1.2000000000000000e+02
         163   -1.3333333333354998e+01   0.0000000000000000e+00   8.1500000000006622e+01
         164    6.6666666667465186e+00  -1.0000000000000000e+01   1.0899999999993955e+02
         165   -6.6666666666836676e+00   0.0000000000000000e+00   8.7000000000017394e+01
         166    6.6666666666499808e+00   0.0000000000000000e+00   1.1450000000001009e+02
         167   -2.0000000000000000e+01  -1.0000000000000000e+01   7.6000000000000000e+01
         168    8.9162455196856172e-11  -1.0000000000000000e+01   9.2499999999943071e+01
         169    6.6666666666396956e+00   0.0000000000000000e+00   1.0900000000003149e+02
         170   -2.0000000000000000e+01   0.0000000000000000e+00   7.6000000000000000e+01
         171    6.6666666667480463e+00  -1.0000000000000000e+01   1.0349999999994253e+02
         172   -1.0018652574217413e-11   0.0000000000000000e+00   9.2500000000017209e+01
         173    6.6666666666534979e+00   0.0000000000000000e+00   1.0350000000001478e+02
         174   -4.0000000000000000e+01  -1.0000000000000000e+01   6.9500000000000000e+01
         175   -4.0000000000000000e+01  -1.0000000000000000e+01   6.9500000000000000e+01
         176   -4.0000000000000000e+01  -4.9999999999824141e+00   6.9500000000017963e+01
         177   -6.6666666665873677e+00  -1.0000000000000000e+01   8.1499999999937899e+01
         178   -3.3333333333324589e+01  -1.0000000000000000e+01   6.9500000000021458e+01
         179   -1.3333333333333336e+01  -1.0000000000000000e+01   7.6000000000000000e+01
         180   -4.0000000000000000e+01   0.0000000000000000e+00   6.9500000000000000e+01
         181   -4.0000000000000000e+01   0.0000000000000000e+00   6.9500000000000000e+01
         182    6.6666666667443302e+00  -1.0000000000000000e+01   9.7999999999937316e+01
         183    9.2171603682800196e-11  -1.0000000000000000e+01   8.6999999999945317e+01
         184   -6.6666666666821790e+00   0.0000000000000000e+00   8.1500000000011397e+01
         185   -3.3333333333324589e+01   0.0000000000000000e+00   6.9500000000021458e+01
         186   -2.6666666666664057e+01  -1.0000000000000000e+01   6.9500000000013245e+01
         187   -1.3333333333333336e+01   0.0000000000000000e+00   7.6000000000000000e+01
         188    6.6666666666549084e+00   0.0000000000000000e+00   9.8000000000019440e+01
         189   -1.2363443602225743e-11   0.0000000000000000e+00   8.7000000000021657e+01
         190   -2.6666666666664057e+01   0.0000000000000000e+00   6.9500000000013245e+01
         191    1.3333333333333336e+01  -1.0000000000000000e+01   1.2000000000000000e+02
         192    1.3333333333333336e+01  -1.0000000000000000e+01   1.2000000000000000e+02
         193    1.3333333333333343e+01  -5.0000000000000000e+00   1.2000000000000000e+02
         194    1.3333333333397556e+01  -1.0000000000000000e+01   1.1449999999993058e+02
         195    6.6666666667527394e+00  -1.0000000000000000e+01   9.2499999999951228e+01
         196    1.3333333333333329e+01   0.0000000000000000e+00   1.2000000000000000e+02
         197    1.3333333333333329e+01   0.0000000000000000e+00   1.2000000000000000e+02
         198   -1.9999999999999488e+01  -1.0000000000000000e+01   6.9500000000010445e+01
         199    1.3333333333399530e+01  -1.0000000000000000e+01   1.0899999999993548e+02
         200    1.3333333333310410e+01   0.0000000000000000e+00   1.1450000000000551e+02
         201    6.6666666666594523e+00   0.0000000000000000e+00   9.2500000000018929e+01
         202   -6.6666666666666714e+00  -1.0000000000000000e+01   7.6000000000000000e+01
         203   -1.9999999999999488e+01   0.0000000000000000e+00   6.9500000000010445e+01
         204    1.3333333333299347e+01   0.0000000000000000e+00   1.0900000000003186e+02
         205    9.2629903747365461e-11  -1.0000000000000000e+01   8.1499999999944237e+01
         206    1.3333333333403310e+01  -1.0000000000000000e+01   1.0349999999994395e+02
         207   -6.6666666666666714e+00   0.0000000000000000e+00   7.6000000000000000e+01
         208   -8.9599438979348633e-12   0.0000000000000000e+00   8.1500000000016428e+01
         209    1.3333333333317420e+01   0.0000000000000000e+00   1.0350000000001326e+02
         210   -4.0000000000000000e+01  -1.0000000000000000e+01   6.3000000000000000e+01
         211   -4.0000000000000000e+01  -1.0000000000000000e+01   6.3000000000000000e+01
         212   -1.3333333333318029e+01  -1.0000000000000000e+01   6.9500000000030184e+01
         213    6.6666666667576706e+00  -1.0000000000000000e+01   8.6999999999959542e+01
         214   -4.0000000000000000e+01  -4.9999999999819815e+00   6.3000000000017522e+01
         215   -3.3333333333333314e+01  -1.0000000000000000e+01   6.3000000000009585e+01
         216    1.3333333333401219e+01  -1.0000000000000000e+01   9.7999999999943526e+01
         217   -4.0000000000000000e+01   0.0000000000000000e+00   6.3000000000000000e+01
         218   -4.0000000000000000e+01   0.0000000000000000e+00   6.3000000000000000e+01
         219   -1.3333333333318029e+01   0.0000000000000000e+00   6.9500000000030184e+01
         220    6.6666666666589514e+00   0.0000000000000000e+00   8.7000000000025892e+01
         221   -3.3333333333333314e+01   0.0000000000000000e+00   6.3000000000009585e+01
         222   -2.6666666666667318e+01  -1.0000000000000000e+01   6.3000000000008185e+01
         223    1.3333333333320219e+01   0.0000000000000000e+00   9.8000000000021657e+01
         224   -2.6666666666667318e+01   0.0000000000000000e+00   6.3000000000008185e+01
         225    0.0000000000000000e+00  -1.0000000000000000e+01   7.6000000000000000e+01
         226    2.0000000000000000e+01  -1.0000000000000000e+01   1.2000000000000000e+02
         227    2.0000000000000000e+01  -1.0000000000000000e+01   1.2000000000000000e+02
         228    1.3333333333411286e+01  -1.0000000000000000e+01   9.2499999999962270e+01
         229    2.0000000000000000e+01  -5.0000000000000000e+00   1.2000000000000000e+02
         230    2.0000000000066080e+01  -1.0000000000000000e+01   1.1449999999991714e+02
         231    0.0000000000000000e+00   0.0000000000000000e+00   7.6000000000000000e+01
         232   -2.0000000000003016e+01  -1.0000000000000000e+01   6.3000000000004185e+01
         233    6.6666666667577239e+00  -1.0000000000000000e+01   8.1499999999959968e+01
         234   -6.6666666666709737e+00  -1.0000000000000000e+01   6.9500000000004022e+01
         235    2.0000000000000000e+01   0.0000000000000000e+00   1.2000000000000000e+02
         236    2.0000000000000000e+01   0.0000000000000000e+00   1.2000000000000000e+02
         237    1.3333333333328794e+01   0.0000000000000000e+00   9.2500000000020535e+01
         238    2.0000000000069498e+01  -1.0000000000000000e+01   1.0899999999992214e+02
         239    1.9999999999971571e+01   0.0000000000000000e+00   1.1450000000000142e+02
         240   -2.0000000000003016e+01   0.0000000000000000e+00   6.3000000000004185e+01
         241    6.6666666666642449e+00   0.0000000000000000e+00   8.1500000000021458e+01
         242   -6.6666666666709737e+00   0.0000000000000000e+00   6.9500000000004022e+01
         243    1.9999999999959815e+01   0.0000000000000000e+00   1.0900000000003214e+02
         244    2.0000000000077399e+01  -1.0000000000000000e+01   1.0349999999993406e+02
         245    1.3333333333418452e+01  -1.0000000000000000e+01   8.6999999999976069e+01
         246   -1.3333333333320201e+01  -1.0000000000000000e+01   6.3000000000024755e+01
         247    1.9999999999981696e+01   0.0000000000000000e+00   1.0350000000001199e+02
         248   -4.0000000000000000e+01  -1.0000000000000000e+01   5.6500000000000000e+01
         249   -4.0000000000000000e+01  -1.0000000000000000e+01   5.6500000000000000e+01
         250    1.3333333333330001e+01   0.0000000000000000e+00   8.7000000000029885e+01
         251   -4.0000000000000000e+01  -4.9999999999955307e+00   5.6500000000004420e+01
         252   -1.3333333333320201e+01   0.0000000000000000e+00   6.3000000000024755e+01
         253   -3.3333333333346786e+01  -1.0000000000000000e+01   5.6500000000001272e+01
         254    2.0000000000079233e+01  -1.0000000000000000e+01   9.7999999999936335e+01
         255    6.6666666666666572e+00  -1.0000000000000000e+01   7.6000000000000000e+01
         256   -4.0000000000000000e+01   0.0000000000000000e+00   5.6500000000000000e+01
         257   -4.0000000000000000e+01   0.0000000000000000e+00   5.6500000000000000e+01
         258    1.1770140417866060e-11  -1.0000000000000000e+01   6.9500000000025395e+01
         259   -3.3333333333346786e+01   0.0000000000000000e+00   5.6500000000001272e+01
         260    1.9999999999985686e+01   0.0000000000000000e+00   9.8000000000023647e+01
         261   -2.6666666666675511e+01  -1.0000000000000000e+01   5.6500000000006821e+01
         262    6.6666666666666572e+00   0.0000000000000000e+00   7.6000000000000000e+01
         263    1.1770140417866060e-11   0.0000000000000000e+00   6.9500000000025395e+01
         264   -2.6666666666675511e+01   0.0000000000000000e+00   5.6500000000006821e+01
         265    1.3333333333418400e+01  -1.0000000000000000e+01   8.1499999999977746e+01
         266    2.0000000000093209e+01  -1.0000000000000000e+01   9.2499999999957737e+01
         267   -6.6666666666695953e+00  -1.0000000000000000e+01   6.3000000000002188e+01
         268    1.3333333333337102e+01   0.0000000000000000e+00   8.1500000000026205e+01
         269   -2.0000000000011802e+01  -1.0000000000000000e+01   5.6500000000001862e+01
         270    2.6666666666666668e+01  -1.0000000000000000e+01   1.2000000000000000e+02
         271    2.6666666666666668e+01  -1.0000000000000000e+01   1.2000000000000000e+02
         272    1.9999999999997812e+01   0.0000000000000000e+00   9.2500000000021942e+01
         273   -6.6666666666695953e+00   0.0000000000000000e+00   6.3000000000002188e+01
         274    2.6666666666666643e+01  -5.0000000000000000e+00   1.2000000000000000e+02
         275    2.6666666666728236e+01  -1.0000000000000000e+01   1.1449999999991016e+02
         276   -2.0000000000011802e+01   0.0000000000000000e+00  5.6500000000001862e+01
         277   2.6666666666666671e+01  0.0000000000000000e+00  1.2000000000000000e+02
         278   2.6666666666666671e+01  0.0000000000000000e+00  1.2000000000000000e+02
         279   2.6666666666731871e+01 -1.0000000000000000e+01  1.0899999999991587e+02
         280   2.6666666666633251e+01  0.0000000000000000e+00  1.1449999999999781e+02
         281   2.6666666666619371e+01  0.0000000000000000e+00  1.0900000000003106e+02
         282   2.0000000000104485e+01 -1.0000000000000000e+01  8.6999999999974989e+01
         283   2.6666666666741712e+01 -1.0000000000000000e+01  1.0349999999993140e+02
         284   6.6666666666586885e+00 -1.0000000000000000e+01  6.9499999999999119e+01
         285  -1.3333333333327953e+01 -1.0000000000000000e+01  5.6500000000023512e+01
         286   1.3333333333333329e+01 -1.0000000000000000e+01  7.6000000000000000e+01
         287   2.0000000000000551e+01  0.0000000000000000e+00  8.7000000000033424e+01
         288   2.6666666666641973e+01  0.0000000000000000e+00  1.0350000000000824e+02
         289   6.6666666666586885e+00  0.0000000000000000e+00  6.9499999999999119e+01
         290  -1.3333333333327953e+01  0.0000000000000000e+00  5.6500000000023512e+01
         291   1.4274803561420413e-11 -1.0000000000000000e+01  6.3000000000023903e+01
         292   1.3333333333333329e+01  0.0000000000000000e+00  7.6000000000000000e+01
         293  -4.0000000000000000e+01 -1.0000000000000000e+01  5.0000000000000000e+01
         294  -4.0000000000000000e+01 -1.0000000000000000e+01  5.0000000000000000e+01
         295  -4.0000000000000000e+01 -5.0000000000000000e+00  5.0000000000000000e+01
         296   2.6666666666745122e+01 -1.0000000000000000e+01  9.7999999999936819e+01
         297  -3.3333333333333336e+01 -1.0000000000000000e+01  5.0000000000000000e+01
         298   1.4274803561420413e-11  0.0000000000000000e+00  6.3000000000023903e+01
         299  -4.0000000000000000e+01  0.0000000000000000e+00  5.0000000000000000e+01
         300  -4.0000000000000000e+01  0.0000000000000000e+00  5.0000000000000000e+01
         301   2.6666666666644375e+01  0.0000000000000000e+00  9.8000000000020975e+01
         302  -3.3333333333333336e+01  0.0000000000000000e+00  5.0000000000000000e+01
         303  -2.6666666666666668e+01 -1.0000000000000000e+01  5.0000000000000000e+01
         304   2.0000000000105896e+01 -1.0000000000000000e+01  8.1499999999976794e+01
         305  -6.6666666666742103e+00 -1.0000000000000000e+01  5.6500000000004853e+01
         306  -2.6666666666666668e+01  0.0000000000000000e+00  5.0000000000000000e+01
         307   2.0000000000009202e+01  0.0000000000000000e+00  8.1500000000030397e+01
         308   2.6666666666760683e+01 -1.0000000000000000e+01  9.2499999999961361e+01
         309  -6.6666666666742103e+00  0.0000000000000000e+00  5.6500000000004853e+01
         310  -2.0000000000000000e+01 -1.0000000000000000e+01  5.0000000000000000e+01
         311   2.6666666666656717e+01  0.0000000000000000e+00  9.2500000000017224e+01
         312   3.3333333333333336e+01 -1.0000000000000000e+01  1.2000000000000000e+02
         313   3.3333333333333336e+01 -1.0000000000000000e+01  1.2000000000000000e+02
         314   1.3333333333299457e+01 -1.0000000000000000e+01  6.9499999999964587e+01
         315  -2.0000000000000000e+01  0.0000000000000000e+00  5.0000000000000000e+01
         316   3.3333333333333343e+01 -5.0000000000000000e+00  1.2000000000000000e+02
         317   3.3333333333391977e+01 -1.0000000000000000e+01  1.1449999999990558e+02
         318   6.6666666666648844e+00 -1.0000000000000000e+01  6.3000000000001322e+01
         319   3.3333333333333343e+01  0.0000000000000000e+00  1.2000000000000000e+02
         320   3.3333333333333343e+01  0.0000000000000000e+00  1.2000000000000000e+02
         321   1.3333333333299457e+01  0.0000000000000000e+00  6.9499999999964587e+01
         322   3.3333333333395871e+01 -1.0000000000000000e+01  1.0899999999991169e+02
         323   3.3333333333297610e+01  0.0000000000000000e+00  1.1449999999999601e+02
         324   6.6666666666648844e+00   0.0000000000000000e+00   6.3000000000001322e+01
         325    2.6666666666773910e+01  -1.0000000000000000e+01   8.6999999999982208e+01
         326    2.0000000000000000e+01  -1.0000000000000000e+01   7.6000000000000000e+01
         327    3.3333333333284983e+01   0.0000000000000000e+00   1.0900000000003257e+02
         328   -1.3333333333333336e+01  -1.0000000000000000e+01   5.0000000000000000e+01
         329   -4.0000000000000000e+01  -1.0000000000000000e+01   4.5000000000000000e+01
         330   -4.0000000000000000e+01  -1.0000000000000000e+01   4.5000000000000000e+01
         331    1.0373923942097463e-11  -1.0000000000000000e+01   5.6500000000027214e+01
         332    2.6666666666658408e+01   0.0000000000000000e+00   8.7000000000029075e+01
         333    2.0000000000000000e+01   0.0000000000000000e+00   7.6000000000000000e+01
         334   -4.0000000000000000e+01  -4.9999999999956399e+00   4.5000000000003268e+01
         335    3.3333333333407154e+01  -1.0000000000000000e+01   1.0349999999992947e+02
         336   -3.3333333333287655e+01  -1.0000000000000000e+01   4.5000000000131038e+01
         337   -1.3333333333333336e+01   0.0000000000000000e+00   5.0000000000000000e+01
         338   -4.0000000000000000e+01   0.0000000000000000e+00   4.5000000000000000e+01
         339   -4.0000000000000000e+01   0.0000000000000000e+00   4.5000000000000000e+01
         340    1.0373923942097463e-11   0.0000000000000000e+00   5.6500000000027214e+01
         341    3.3333333333311820e+01   0.0000000000000000e+00   1.0350000000001025e+02
         342   -3.3333333333329222e+01   0.0000000000000000e+00   4.5000000000026731e+01
         343   -2.6666666666619225e+01  -1.0000000000000000e+01   4.5000000000128125e+01
         344    3.3333333333411794e+01  -1.0000000000000000e+01   9.7999999999936819e+01
         345   -2.6666666666663723e+01   0.0000000000000000e+00   4.5000000000024080e+01
         346    2.6666666666775519e+01  -1.0000000000000000e+01   8.1499999999984738e+01
         347    3.3333333333317448e+01   0.0000000000000000e+00   9.8000000000026247e+01
         348   -6.6666666666666714e+00  -1.0000000000000000e+01   5.0000000000000000e+01
         349   -1.9999999999947207e+01  -1.0000000000000000e+01   4.5000000000128672e+01
         350    2.6666666666666735e+01   0.0000000000000000e+00   8.1500000000025594e+01
         351    1.3333333333323822e+01  -1.0000000000000000e+01   6.2999999999989839e+01
         352   -6.6666666666666714e+00   0.0000000000000000e+00   5.0000000000000000e+01
         353   -1.9999999999998817e+01   0.0000000000000000e+00   4.5000000000020066e+01
         354    3.3333333333428584e+01  -1.0000000000000000e+01   9.2499999999963308e+01
         355    1.9999999999990031e+01  -1.0000000000000000e+01   6.9499999999996447e+01
         356    1.3333333333323822e+01   0.0000000000000000e+00   6.2999999999989839e+01
         357    6.6666666666642378e+00  -1.0000000000000000e+01   5.6500000000008669e+01
         358    3.3333333333334252e+01   0.0000000000000000e+00   9.2500000000023817e+01
         359    1.9999999999990031e+01   0.0000000000000000e+00   6.9499999999996447e+01
         360    6.6666666666642378e+00   0.0000000000000000e+00   5.6500000000008669e+01
         361   -1.3333333333274688e+01  -1.0000000000000000e+01   4.5000000000127855e+01
         362    2.6666666666666671e+01  -1.0000000000000000e+01   7.6000000000000000e+01
         363   -4.0000000000000000e+01  -1.0000000000000000e+01   4.0000000000000000e+01
         364    4.0000000000000000e+01  -1.0000000000000000e+01   1.2000000000000000e+02
         365    4.0000000000000000e+01  -1.0000000000000000e+01   1.2000000000000000e+02
         366   -4.0000000000000000e+01  -1.0000000000000000e+01   4.0000000000000000e+01
         367    4.0000000000000000e+01  -1.0000000000000000e+01   1.2000000000000000e+02
         368   -4.0000000000000000e+01  -4.9999999999981668e+00   4.0000000000001378e+01
         369    4.0000000000000000e+01  -5.0000000000000000e+00   1.2000000000000000e+02
         370    4.0000000000000000e+01  -5.0000000000000000e+00   1.2000000000000000e+02
         371    4.0000000000000000e+01  -1.0000000000000000e+01   1.1450000000000000e+02
         372    4.0000000000000000e+01  -1.0000000000000000e+01   1.1450000000000000e+02
         373   -1.3333333333334350e+01   0.0000000000000000e+00   4.5000000000015042e+01
         374   -3.3333333333267525e+01  -1.0000000000000000e+01   4.0000000000119982e+01
         375    4.0000000000000000e+01  -5.0000000000008615e+00   1.1449999999999820e+02
         376    3.3333333333443242e+01  -1.0000000000000000e+01   8.6999999999986443e+01
         377    2.6666666666666671e+01   0.0000000000000000e+00   7.6000000000000000e+01
         378    0.0000000000000000e+00  -1.0000000000000000e+01   5.0000000000000000e+01
         379    4.0000000000000000e+01   0.0000000000000000e+00   1.2000000000000000e+02
         380   -4.0000000000000000e+01   0.0000000000000000e+00   4.0000000000000000e+01
         381    4.0000000000000000e+01   0.0000000000000000e+00   1.2000000000000000e+02
         382    4.0000000000000000e+01   0.0000000000000000e+00   1.2000000000000000e+02
         383   -4.0000000000000000e+01   0.0000000000000000e+00   4.0000000000000000e+01
         384    4.0000000000000000e+01  -1.0000000000000000e+01   1.0900000000000000e+02
         385    4.0000000000000000e+01  -1.0000000000000000e+01   1.0900000000000000e+02
         386    4.0000000000000000e+01   0.0000000000000000e+00   1.1450000000000000e+02
         387    4.0000000000000000e+01   0.0000000000000000e+00   1.1450000000000000e+02
         388   -3.3333333333346083e+01   0.0000000000000000e+00   4.0000000000006793e+01
         389    4.0000000000000000e+01  -5.0000000000007621e+00   1.0899999999999839e+02
         390    3.3333333333339006e+01   0.0000000000000000e+00   8.7000000000038128e+01
         391   -2.6666666666604414e+01  -1.0000000000000000e+01   4.0000000000113722e+01
         392    0.0000000000000000e+00   0.0000000000000000e+00   5.0000000000000000e+01
         393    4.0000000000000000e+01   0.0000000000000000e+00   1.0900000000000000e+02
         394    4.0000000000000000e+01   0.0000000000000000e+00   1.0900000000000000e+02
         395    4.0000000000000000e+01  -1.0000000000000000e+01   1.0350000000000000e+02
         396    4.0000000000000000e+01  -1.0000000000000000e+01   1.0350000000000000e+02
         397   -2.6666666666679298e+01   0.0000000000000000e+00   4.0000000000006736e+01
         398    4.0000000000000000e+01  -5.0000000000051665e+00   1.0350000000000090e+02
         399   -6.6666666666019694e+00  -1.0000000000000000e+01   4.5000000000125723e+01
         400    4.0000000000000000e+01   0.0000000000000000e+00   1.0350000000000000e+02
         401    4.0000000000000000e+01   0.0000000000000000e+00   1.0350000000000000e+02
         402   -1.9999999999934467e+01  -1.0000000000000000e+01   4.0000000000120096e+01
         403   -6.6666666666701460e+00   0.0000000000000000e+00   4.5000000000009322e+01
         404    1.9999999999999268e+01  -1.0000000000000000e+01   6.3000000000000554e+01
         405    3.3333333333445125e+01  -1.0000000000000000e+01   8.1499999999989328e+01
         406    1.3333333333340898e+01  -1.0000000000000000e+01   5.6500000000020556e+01
         407    4.0000000000000000e+01  -1.0000000000000000e+01   9.8000000000000000e+01
         408    4.0000000000000000e+01  -1.0000000000000000e+01   9.8000000000000000e+01
         409   -2.0000000000012449e+01   0.0000000000000000e+00   4.0000000000006636e+01
         410    4.0000000000000000e+01  -4.9999999999594946e+00   9.7999999999979423e+01
         411    1.9999999999999268e+01   0.0000000000000000e+00   6.3000000000000554e+01
         412    3.3333333333349763e+01   0.0000000000000000e+00   8.1500000000035953e+01
         413    1.3333333333340898e+01   0.0000000000000000e+00   5.6500000000020556e+01
         414    4.0000000000000000e+01   0.0000000000000000e+00   9.8000000000000000e+01
         415    4.0000000000000000e+01   0.0000000000000000e+00   9.8000000000000000e+01
         416    2.6666666666658088e+01  -1.0000000000000000e+01   6.9499999999998295e+01
         417    6.6666666666666572e+00  -1.0000000000000000e+01   5.0000000000000000e+01
         418    2.6666666666658088e+01   0.0000000000000000e+00   6.9499999999998295e+01
         419   -1.3333333333266356e+01  -1.0000000000000000e+01   4.0000000000123265e+01
         420    4.0000000000000000e+01  -1.0000000000000000e+01   9.2500000000000000e+01
         421    4.0000000000000000e+01  -1.0000000000000000e+01   9.2500000000000000e+01
         422    6.6666666666666572e+00   0.0000000000000000e+00   5.0000000000000000e+01
         423    4.0000000000000000e+01  -5.0000000000048344e+00   9.2500000000001563e+01
         424   -1.3333333333345561e+01   0.0000000000000000e+00   4.0000000000006523e+01
         425    7.1675998469800106e-11  -1.0000000000000000e+01   4.5000000000124643e+01
         426   -4.0000000000000000e+01  -1.0000000000000000e+01   3.5000000000000000e+01
         427   -4.0000000000000000e+01  -1.0000000000000000e+01   3.5000000000000000e+01
         428   -4.0000000000000000e+01  -5.0000000000158291e+00   3.5000000000019661e+01
         429    4.0000000000000000e+01   0.0000000000000000e+00   9.2500000000000000e+01
         430    4.0000000000000000e+01   0.0000000000000000e+00   9.2500000000000000e+01
         431   -3.3333333333245307e+01  -1.0000000000000000e+01   3.5000000000107782e+01
         432    3.3333333333333343e+01  -1.0000000000000000e+01   7.6000000000000000e+01
         433   -6.1213256685732631e-12   0.0000000000000000e+00   4.5000000000003261e+01
         434   -4.0000000000000000e+01   0.0000000000000000e+00   3.5000000000000000e+01
         435   -4.0000000000000000e+01   0.0000000000000000e+00   3.5000000000000000e+01
         436   -3.3333333333358077e+01   0.0000000000000000e+00   3.4999999999984283e+01
         437   -2.6666666666587194e+01  -1.0000000000000000e+01   3.5000000000098012e+01
         438    3.3333333333333343e+01   0.0000000000000000e+00   7.6000000000000000e+01
         439    4.0000000000000000e+01  -1.0000000000000000e+01   8.7000000000000000e+01
         440    4.0000000000000000e+01  -1.0000000000000000e+01   8.7000000000000000e+01
         441   -2.6666666666689864e+01   0.0000000000000000e+00   3.4999999999986727e+01
         442   -6.6666666666000651e+00  -1.0000000000000000e+01   4.0000000000123094e+01
         443    4.0000000000000000e+01  -4.9999999999182263e+00   8.6999999999960451e+01
         444    4.0000000000000000e+01   0.0000000000000000e+00   8.7000000000000000e+01
         445    4.0000000000000000e+01   0.0000000000000000e+00   8.7000000000000000e+01
         446   -6.6666666666786369e+00   0.0000000000000000e+00   4.0000000000006395e+01
         447   -1.9999999999918813e+01  -1.0000000000000000e+01   3.5000000000109949e+01
         448    2.0000000000000867e+01  -1.0000000000000000e+01   5.6500000000010360e+01
         449    2.6666666666674629e+01  -1.0000000000000000e+01   6.3000000000011347e+01
         450   -2.0000000000020869e+01   0.0000000000000000e+00   3.4999999999990436e+01
         451    2.0000000000000867e+01   0.0000000000000000e+00   5.6500000000010360e+01
         452    1.3333333333333329e+01  -1.0000000000000000e+01   5.0000000000000000e+01
         453    2.6666666666674629e+01   0.0000000000000000e+00   6.3000000000011347e+01
         454    6.6666666667447565e+00  -1.0000000000000000e+01   4.5000000000122434e+01
         455    1.3333333333333329e+01   0.0000000000000000e+00   5.0000000000000000e+01
         456    4.0000000000000000e+01  -1.0000000000000000e+01   8.1500000000000000e+01
         457    4.0000000000000000e+01  -1.0000000000000000e+01   8.1500000000000000e+01
         458    6.6666666666579069e+00   0.0000000000000000e+00   4.4999999999997200e+01
         459    4.0000000000000000e+01  -5.0000000000182423e+00   8.1500000000008640e+01
         460    3.3333333333319807e+01  -1.0000000000000000e+01   6.9499999999991701e+01
         461   -1.3333333333254497e+01  -1.0000000000000000e+01   3.5000000000116756e+01
         462    4.0000000000000000e+01   0.0000000000000000e+00   8.1500000000000000e+01
         463    4.0000000000000000e+01   0.0000000000000000e+00   8.1500000000000000e+01
         464    6.8183680923539214e-11  -1.0000000000000000e+01   4.0000000000126548e+01
         465    3.3333333333319807e+01   0.0000000000000000e+00   6.9499999999991701e+01
         466   -1.3333333333351305e+01   0.0000000000000000e+00   3.4999999999995090e+01
         467   -1.1723955140041653e-11   0.0000000000000000e+00   4.0000000000006246e+01
         468   -4.0000000000000000e+01  -1.0000000000000000e+01   3.0000000000000000e+01
         469   -4.0000000000000000e+01  -1.0000000000000000e+01   3.0000000000000000e+01
         470   -4.0000000000000000e+01  -5.0000000000000000e+00   3.0000000000000000e+01
         471   -3.3333333333333336e+01  -1.0000000000000000e+01   3.0000000000000000e+01
         472   -4.0000000000000000e+01   0.0000000000000000e+00   3.0000000000000000e+01
         473   -4.0000000000000000e+01   0.0000000000000000e+00   3.0000000000000000e+01
         474   -3.3333333333333343e+01   0.0000000000000000e+00   3.0000000000000000e+01
         475   -2.6666666666666668e+01  -1.0000000000000000e+01   3.0000000000000000e+01
         476    4.0000000000000000e+01  -1.0000000000000000e+01   7.6000000000000000e+01
         477    4.0000000000000000e+01  -1.0000000000000000e+01   7.6000000000000000e+01
         478   -6.6666666665939260e+00  -1.0000000000000000e+01   3.5000000000118177e+01
         479    4.0000000000000000e+01  -5.0000000000000000e+00   7.6000000000000000e+01
         480   -2.6666666666666671e+01   0.0000000000000000e+00   3.0000000000000000e+01
         481    4.0000000000000000e+01   0.0000000000000000e+00   7.6000000000000000e+01
         482    4.0000000000000000e+01   0.0000000000000000e+00   7.6000000000000000e+01
         483   -6.6666666666813299e+00   0.0000000000000000e+00   3.5000000000000369e+01
         484    1.3333333333403464e+01  -1.0000000000000000e+01   4.5000000000094857e+01
         485    2.6666666666683248e+01  -1.0000000000000000e+01   5.6500000000030312e+01
         486    2.0000000000000000e+01  -1.0000000000000000e+01   5.0000000000000000e+01
         487   -2.0000000000000000e+01  -1.0000000000000000e+01   3.0000000000000000e+01
         488    1.3333333333323999e+01   0.0000000000000000e+00   4.4999999999995111e+01
         489    2.6666666666683248e+01   0.0000000000000000e+00   5.6500000000030312e+01
         490    6.6666666667344998e+00  -1.0000000000000000e+01   4.0000000000126498e+01
         491   -2.0000000000000000e+01   0.0000000000000000e+00   3.0000000000000000e+01
         492    2.0000000000000000e+01   0.0000000000000000e+00   5.0000000000000000e+01
         493    3.3333333333332334e+01  -1.0000000000000002e+01   6.2999999999998849e+01
         494    6.6666666666552068e+00   0.0000000000000000e+00   4.0000000000006111e+01
         495    3.3333333333332334e+01   0.0000000000000000e+00   6.2999999999998849e+01
         496   -1.3333333333333336e+01  -1.0000000000000000e+01   3.0000000000000000e+01
         497    6.9615424536095816e-11  -1.0000000000000000e+01   3.5000000000125773e+01
         498   -1.3333333333333329e+01   0.0000000000000000e+00   3.0000000000000000e+01
         499   -1.1191048088221578e-11   0.0000000000000000e+00   3.5000000000005969e+01
         500    4.0000000000000000e+01  -1.0000000000000000e+01   6.9500000000000000e+01
         501    4.0000000000000000e+01  -1.0000000000000000e+01   6.9500000000000000e+01
         502    4.0000000000000000e+01  -4.9999999999569251e+00   6.9499999999951328e+01
         503   -4.0000000000000000e+01  -1.0000000000000000e+01   2.5000000000000000e+01
         504   -4.0000000000000000e+01  -1.0000000000000000e+01   2.5000000000000000e+01
         505   -4.0000000000000000e+01  -4.9999999999500755e+00   2.5000000000036838e+01
         506    4.0000000000000000e+01   0.0000000000000000e+00   6.9500000000000000e+01
         507    4.0000000000000000e+01   0.0000000000000000e+00   6.9500000000000000e+01
         508   -3.3333333333253314e+01  -1.0000000000000000e+01   2.5000000000174378e+01
         509   -4.0000000000000000e+01   0.0000000000000000e+00   2.4999999999999996e+01
         510   -4.0000000000000000e+01   0.0000000000000000e+00   2.5000000000000000e+01
         511   -3.3333333333335588e+01   0.0000000000000000e+00   2.4999999999998010e+01
         512   -2.6666666666565014e+01  -1.0000000000000000e+01   2.5000000000188358e+01
         513   -6.6666666666666714e+00  -1.0000000000000000e+01   3.0000000000000000e+01
         514    2.0000000000092520e+01  -1.0000000000000000e+01   4.5000000000124103e+01
         515    1.3333333333394062e+01  -1.0000000000000000e+01   4.0000000000114099e+01
         516   -2.6666666666668796e+01   0.0000000000000000e+00   2.4999999999998135e+01
         517   -6.6666666666666572e+00   0.0000000000000000e+00   3.0000000000000000e+01
         518    1.9999999999986571e+01   0.0000000000000000e+00   4.4999999999986471e+01
         519    1.3333333333323260e+01   0.0000000000000000e+00   4.0000000000008114e+01
         520    2.6666666666666671e+01  -1.0000000000000000e+01   5.0000000000000000e+01
         521    6.6666666667298990e+00  -1.0000000000000000e+01   3.5000000000127457e+01
         522    3.3333333333336746e+01  -1.0000000000000000e+01   5.6500000000012093e+01
         523   -1.9999999999905871e+01  -1.0000000000000000e+01   2.5000000000164928e+01
         524    2.6666666666666671e+01   0.0000000000000000e+00   5.0000000000000000e+01
         525    6.6666666666589833e+00   0.0000000000000000e+00   3.5000000000011561e+01
         526    3.3333333333336746e+01   0.0000000000000000e+00   5.6500000000012093e+01
         527   -2.0000000000001933e+01   0.0000000000000000e+00   2.4999999999998302e+01
         528    4.0000000000000000e+01  -1.0000000000000000e+01   6.3000000000000000e+01
         529    4.0000000000000000e+01  -1.0000000000000000e+01   6.3000000000000000e+01
         530    4.0000000000000000e+01  -5.0000000000424452e+00   6.3000000000027747e+01
         531    0.0000000000000000e+00  -1.0000000000000000e+01   3.0000000000000000e+01
         532   -1.3333333333243292e+01  -1.0000000000000000e+01   2.5000000000141558e+01
         533    4.0000000000000000e+01   0.0000000000000000e+00   6.3000000000000000e+01
         534    4.0000000000000000e+01   0.0000000000000000e+00   6.3000000000000000e+01
         535    0.0000000000000000e+00   0.0000000000000000e+00   3.0000000000000000e+01
         536   -1.3333333333335023e+01   0.0000000000000000e+00   2.4999999999998501e+01
         537    2.0000000000072770e+01  -1.0000000000000000e+01   4.0000000000136509e+01
         538   -4.0000000000000000e+01  -1.0000000000000000e+01   2.0000000000000000e+01
         539   -4.0000000000000000e+01  -1.0000000000000000e+01   2.0000000000000000e+01
         540   -4.0000000000000000e+01  -4.9999999999376472e+00   2.0000000000045631e+01
         541   -3.3333333333232474e+01  -1.0000000000000000e+01   2.0000000000155573e+01
         542    1.3333333333391028e+01  -1.0000000000000000e+01   3.5000000000129859e+01
         543    2.6666666666761401e+01  -1.0000000000000000e+01   4.5000000000118952e+01
         544    1.9999999999989015e+01   0.0000000000000000e+00   4.0000000000005862e+01
         545   -4.0000000000000000e+01   0.0000000000000000e+00   2.0000000000000000e+01
         546   -4.0000000000000000e+01   0.0000000000000000e+00   2.0000000000000000e+01
         547   -6.6666666665513752e+00  -1.0000000000000000e+01   2.5000000000148138e+01
         548   -3.3333333333333329e+01   0.0000000000000000e+00   1.9999999999999986e+01
         549    1.3333333333329294e+01   0.0000000000000000e+00   3.5000000000017508e+01
         550    2.6666666666651487e+01   0.0000000000000000e+00   4.4999999999982471e+01
         551   -2.6666666666546504e+01  -1.0000000000000000e+01   2.0000000000171006e+01
         552   -6.6666666666680996e+00   0.0000000000000000e+00   2.4999999999998735e+01
         553    6.6666666666666572e+00  -1.0000000000000000e+01   3.0000000000000000e+01
         554    3.3333333333333343e+01  -1.0000000000000000e+01   5.0000000000000000e+01
         555   -2.6666666666666668e+01   0.0000000000000000e+00   1.9999999999999986e+01
         556    6.6666666666666714e+00   0.0000000000000000e+00   3.0000000000000000e+01
         557    3.3333333333333343e+01   0.0000000000000000e+00   5.0000000000000000e+01
         558   -1.9999999999890413e+01  -1.0000000000000000e+01   2.0000000000150308e+01
         559    4.0000000000000000e+01  -1.0000000000000000e+01   5.6500000000000000e+01
         560    4.0000000000000000e+01  -1.0000000000000000e+01   5.6500000000000000e+01
         561    4.0000000000000000e+01  -5.0000000000022098e+00   5.6499999999990621e+01
         562   -1.9999999999999993e+01   0.0000000000000000e+00   1.9999999999999964e+01
         563    4.0000000000000000e+01   0.0000000000000000e+00   5.6500000000000000e+01
         564    4.0000000000000000e+01   0.0000000000000000e+00   5.6500000000000000e+01
         565    1.2999024079363153e-10  -1.0000000000000000e+01   2.5000000000141696e+01
         566   -1.3333333333228325e+01  -1.0000000000000000e+01   2.0000000000134044e+01
         567   -1.1617373729677638e-12   0.0000000000000000e+00   2.4999999999998984e+01
         568   -1.3333333333333309e+01   0.0000000000000000e+00   1.9999999999999989e+01
         569    2.0000000000059984e+01  -1.0000000000000000e+01   3.5000000000145093e+01
         570    2.6666666666736958e+01  -1.0000000000000000e+01   4.0000000000132374e+01
         571    1.9999999999998501e+01   0.0000000000000000e+00   3.5000000000021487e+01
         572    2.6666666666655857e+01   0.0000000000000000e+00   4.0000000000005770e+01
         573    1.3333333333333329e+01  -1.0000000000000000e+01   3.0000000000000000e+01
         574    3.3333333333431014e+01  -1.0000000000000000e+01   4.5000000000118227e+01
         575   -4.0000000000000000e+01  -1.0000000000000000e+01   1.5000000000000000e+01
         576   -4.0000000000000000e+01  -1.0000000000000000e+01   1.5000000000000000e+01
         577    1.3333333333333336e+01   0.0000000000000000e+00   3.0000000000000000e+01
         578   -4.0000000000000000e+01  -4.9999999999488614e+00   1.5000000000037161e+01
         579   -3.3333333333210660e+01  -1.0000000000000000e+01   1.5000000000135877e+01
         580    3.3333333333317000e+01   0.0000000000000000e+00   4.4999999999979792e+01
         581   -6.6666666665436374e+00  -1.0000000000000000e+01   2.0000000000141203e+01
         582   -4.0000000000000000e+01   0.0000000000000000e+00   1.5000000000000000e+01
         583   -4.0000000000000000e+01   0.0000000000000000e+00   1.5000000000000000e+01
         584   -3.3333333333332774e+01   0.0000000000000000e+00   1.5000000000000476e+01
         585   -2.6666666666528052e+01  -1.0000000000000000e+01   1.5000000000153459e+01
         586    6.6666666668094017e+00  -1.0000000000000000e+01   2.5000000000133127e+01
         587   -6.6666666666666607e+00   0.0000000000000000e+00   1.9999999999999996e+01
         588    4.0000000000000000e+01  -1.0000000000000000e+01   5.0000000000000000e+01
         589    4.0000000000000000e+01  -1.0000000000000000e+01   5.0000000000000000e+01
         590   -2.6666666666666124e+01   0.0000000000000000e+00   1.5000000000000457e+01
         591    6.6666666666658045e+00   0.0000000000000000e+00   2.4999999999999247e+01
         592    4.0000000000000000e+01  -5.0000000000000000e+00   5.0000000000000000e+01
         593    4.0000000000000000e+01   0.0000000000000000e+00   5.0000000000000000e+01
         594    4.0000000000000000e+01   0.0000000000000000e+00   5.0000000000000000e+01
         595   -1.9999999999876380e+01  -1.0000000000000000e+01   1.5000000000136763e+01
         596   -1.9999999999999517e+01   0.0000000000000000e+00   1.5000000000000430e+01
         597    1.3313794511304877e-10  -1.0000000000000000e+01   2.0000000000138879e+01
         598    2.6666666666719955e+01  -1.0000000000000000e+01   3.5000000000141711e+01
         599    2.0000000000000000e+01  -1.0000000000000000e+01   3.0000000000000000e+01
         600    0.0000000000000000e+00   0.0000000000000000e+00   1.9999999999999989e+01
         601   -1.3333333333215492e+01  -1.0000000000000000e+01   1.5000000000130258e+01
         602    2.6666666666667496e+01   0.0000000000000000e+00   3.5000000000025210e+01
         603    3.3333333333403907e+01  -1.0000000000000000e+01   4.0000000000133127e+01
         604    2.0000000000000000e+01   0.0000000000000000e+00   3.0000000000000000e+01
         605   -1.3333333333332895e+01   0.0000000000000000e+00   1.5000000000000377e+01
         606    1.3333333333473465e+01  -1.0000000000000000e+01   2.5000000000108816e+01
         607    3.3333333333322642e+01   0.0000000000000000e+00   4.0000000000005713e+01
         608    1.3333333333332714e+01   0.0000000000000000e+00   2.4999999999999460e+01
         609    4.0000000000000000e+01  -1.0000000000000000e+01   4.5000000000000000e+01
         610    4.0000000000000000e+01  -1.0000000000000000e+01   4.5000000000000000e+01
         611    4.0000000000000000e+01  -5.0000000000033022e+00   4.4999999999994799e+01
         612   -4.0000000000000000e+01  -1.0000000000000000e+01   1.0000000000000000e+01
         613   -4.0000000000000000e+01  -1.0000000000000000e+01   1.0000000000000000e+01
         614   -4.0000000000000000e+01  -4.9999999999502975e+00   1.0000000000035810e+01
         615    4.0000000000000000e+01   0.0000000000000000e+00   4.5000000000000000e+01
         616    4.0000000000000000e+01   0.0000000000000000e+00   4.5000000000000000e+01
         617   -6.6666666665409728e+00  -1.0000000000000000e+01   1.5000000000138803e+01
         618   -3.3333333333186587e+01  -1.0000000000000000e+01   1.0000000000114136e+01
         619    6.6666666668076324e+00  -1.0000000000000000e+01   2.0000000000134076e+01
         620   -4.0000000000000000e+01   0.0000000000000000e+00   1.0000000000000000e+01
         621   -4.0000000000000000e+01   0.0000000000000000e+00   1.0000000000000000e+01
         622   -6.6666666666663126e+00   0.0000000000000000e+00   1.5000000000000306e+01
         623   -3.3333333333333336e+01   0.0000000000000000e+00   1.0000000000000004e+01
         624   -2.6666666666507240e+01  -1.0000000000000000e+01   1.0000000000133793e+01
         625    6.6666666666666963e+00   0.0000000000000000e+00   2.0000000000000000e+01
         626   -2.6666666666666664e+01   0.0000000000000000e+00   1.0000000000000009e+01
         627   -1.9999999999859838e+01  -1.0000000000000000e+01   1.0000000000120959e+01
         628    2.6666666666666671e+01  -1.0000000000000000e+01   3.0000000000000000e+01
         629   -2.0000000000000000e+01   0.0000000000000000e+00   9.9999999999999964e+00
         630    3.3333333333384545e+01  -1.0000000000000000e+01   3.5000000000143757e+01
         631    1.2914114222439821e-10  -1.0000000000000000e+01   1.5000000000142482e+01
         632    2.0000000000165755e+01  -1.0000000000000000e+01   2.5000000000118312e+01
         633    2.6666666666666668e+01   0.0000000000000000e+00   3.0000000000000000e+01
         634    3.3333333333335688e+01   0.0000000000000000e+00   3.5000000000027669e+01
         635    2.9132252166164108e-13   0.0000000000000000e+00   1.5000000000000252e+01
         636    1.9999999999999652e+01   0.0000000000000000e+00   2.4999999999999680e+01
         637    4.0000000000000000e+01  -1.0000000000000000e+01   4.0000000000000000e+01
         638    4.0000000000000000e+01  -1.0000000000000000e+01   4.0000000000000000e+01
         639   -1.3333333333200002e+01  -1.0000000000000000e+01   1.0000000000124061e+01
         640    4.0000000000000000e+01  -4.9999999999990772e+00   3.9999999999999339e+01
         641    1.3333333333470705e+01  -1.0000000000000000e+01   2.0000000000117318e+01
         642    4.0000000000000000e+01   0.0000000000000000e+00   4.0000000000000000e+01
         643    4.0000000000000000e+01   0.0000000000000000e+00   4.0000000000000000e+01
         644   -1.3333333333333339e+01   0.0000000000000000e+00   1.0000000000000011e+01
         645    1.3333333333333321e+01   0.0000000000000000e+00   1.9999999999999996e+01
         646    6.6666666667965515e+00  -1.0000000000000000e+01   1.5000000000143201e+01
         647   -6.6666666665354519e+00  -1.0000000000000000e+01   1.0000000000133802e+01
         648   -4.0000000000000000e+01  -1.0000000000000000e+01   5.0000000000000036e+00
         649   -4.0000000000000000e+01  -1.0000000000000000e+01   5.0000000000000036e+00
         650   -4.0000000000000000e+01  -4.9999999999473372e+00   5.0000000000377200e+00
         651   -3.3333333333167992e+01  -1.0000000000000000e+01   5.0000000000973710e+00
         652    6.6666666666668846e+00   0.0000000000000000e+00   1.5000000000000194e+01
         653   -6.6666666666666750e+00   0.0000000000000000e+00   1.0000000000000011e+01
         654   -4.0000000000000000e+01   0.0000000000000000e+00   5.0000000000000036e+00
         655   -4.0000000000000000e+01   0.0000000000000000e+00   5.0000000000000000e+00
         656   -3.3333333333333336e+01   0.0000000000000000e+00   4.9999999999999938e+00
         657   -2.6666666666491139e+01  -1.0000000000000000e+01   5.0000000001186029e+00
         658    2.6666666666827723e+01  -1.0000000000000000e+01   2.5000000000098055e+01
         659    3.3333333333333343e+01  -1.0000000000000000e+01   3.0000000000000000e+01
         660   -2.6666666666666661e+01   0.0000000000000000e+00   5.0000000000000000e+00
         661    2.6666666666666508e+01   0.0000000000000000e+00   2.4999999999999847e+01
         662    3.3333333333333336e+01   0.0000000000000000e+00   3.0000000000000000e+01
         663    2.0000000000156220e+01  -1.0000000000000000e+01   2.0000000000126924e+01
         664   -1.9999999999846928e+01  -1.0000000000000000e+01   5.0000000001086571e+00
         665    4.0000000000000000e+01  -1.0000000000000000e+01   3.5000000000000000e+01
         666    4.0000000000000000e+01  -1.0000000000000000e+01   3.5000000000000000e+01
         667    4.0000000000000000e+01  -4.9999999999882583e+00   3.5000000000013081e+01
         668    1.2821033124055248e-10  -1.0000000000000000e+01   1.0000000000143315e+01
         669    1.9999999999999972e+01   0.0000000000000000e+00   1.9999999999999979e+01
         670    4.0000000000000000e+01   0.0000000000000000e+00   3.5000000000000000e+01
         671    4.0000000000000000e+01   0.0000000000000000e+00   3.5000000000000000e+01
         672   -2.0000000000000004e+01   0.0000000000000000e+00   4.9999999999999982e+00
         673   -3.5527136788005009e-15   0.0000000000000000e+00   9.9999999999999929e+00
         674    1.3333333333457645e+01  -1.0000000000000000e+01   1.5000000000136877e+01
         675   -1.3333333333187838e+01  -1.0000000000000000e+01   5.0000000001190728e+00
         676    1.3333333333333494e+01   0.0000000000000000e+00   1.5000000000000139e+01
         677   -1.3333333333333334e+01   0.0000000000000000e+00   5.0000000000000089e+00
         678    6.6666666667887462e+00  -1.0000000000000000e+01   1.0000000000149372e+01
         679   -6.6666666665308547e+00  -1.0000000000000000e+01   5.0000000001296439e+00
         680    6.6666666666666821e+00   0.0000000000000000e+00   1.0000000000000007e+01
         681   -4.0000000000000000e+01  -1.0000000000000000e+01   0.0000000000000000e+00
         682   -4.0000000000000000e+01  -1.0000000000000000e+01   0.0000000000000000e+00
         683   -4.0000000000000000e+01  -1.0000000000000000e+01   0.0000000000000000e+00
         684    3.3333333333513295e+01  -1.0000000000000000e+01   2.5000000000109029e+01
         685   -4.0000000000000000e+01  -5.0000000000000000e+00   0.0000000000000000e+00
         686   -4.0000000000000000e+01  -5.0000000000000000e+00   0.0000000000000000e+00
         687   -6.6666666666666750e+00   0.0000000000000000e+00   4.9999999999999973e+00
         688    2.6666666666817811e+01  -1.0000000000000000e+01   2.0000000000112344e+01
         689   -3.3333333333333336e+01  -1.0000000000000000e+01   0.0000000000000000e+00
         690   -3.3333333333333336e+01  -1.0000000000000000e+01   0.0000000000000000e+00
         691   -3.3333333333333343e+01  -5.0000000000000036e+00   0.0000000000000000e+00
         692   -4.0000000000000000e+01   0.0000000000000000e+00   0.0000000000000000e+00
         693   -4.0000000000000000e+01   0.0000000000000000e+00   0.0000000000000000e+00
         694    4.0000000000000000e+01  -1.0000000000000000e+01   3.0000000000000000e+01
         695   -4.0000000000000000e+01   0.0000000000000000e+00   0.0000000000000000e+00
         696    4.0000000000000000e+01  -1.0000000000000000e+01   3.0000000000000000e+01
         697    3.3333333333333300e+01   0.0000000000000000e+00   2.4999999999999957e+01
         698    4.0000000000000000e+01  -5.0000000000000000e+00   3.0000000000000000e+01
         699   -3.3333333333333343e+01   0.0000000000000000e+00   0.0000000000000000e+00
         700   -3.3333333333333336e+01   0.0000000000000000e+00   0.0000000000000000e+00
         701    2.6666666666666679e+01   0.0000000000000000e+00   2.0000000000000000e+01
         702   -2.6666666666666668e+01  -1.0000000000000000e+01   0.0000000000000000e+00
         703   -2.6666666666666668e+01  -1.0000000000000000e+01   0.0000000000000000e+00
         704    4.0000000000000000e+01   0.0000000000000000e+00   3.0000000000000000e+01
         705    4.0000000000000000e+01   0.0000000000000000e+00   3.0000000000000000e+01
         706   -2.6666666666666682e+01  -5.0000000000000000e+00   0.0000000000000000e+00
         707    2.0000000000133749e+01  -1.0000000000000000e+01   1.5000000000147219e+01
         708   -2.6666666666666668e+01   0.0000000000000000e+00   0.0000000000000000e+00
         709   -2.6666666666666671e+01   0.0000000000000000e+00   0.0000000000000000e+00
         710    2.0000000000000107e+01   0.0000000000000000e+00   1.5000000000000087e+01
         711   -2.0000000000000000e+01  -1.0000000000000000e+01   0.0000000000000000e+00
         712   -2.0000000000000000e+01  -1.0000000000000000e+01   0.0000000000000000e+00
         713    1.2798651027878805e-10  -1.0000000000000000e+01   5.0000000001435154e+00
         714   -2.0000000000000000e+01  -5.0000000000000000e+00   0.0000000000000000e+00
         715   -2.0000000000000000e+01   0.0000000000000000e+00   0.0000000000000000e+00
         716   -2.0000000000000000e+01   0.0000000000000000e+00   0.0000000000000000e+00
         717    7.1054273576010019e-15   0.0000000000000000e+00   5.0000000000000053e+00
         718    1.3333333333448063e+01  -1.0000000000000000e+01   1.0000000000153316e+01
         719    1.3333333333333334e+01   0.0000000000000000e+00   9.9999999999999964e+00
         720   -1.3333333333333336e+01  -1.0000000000000000e+01   0.0000000000000000e+00
         721   -1.3333333333333336e+01  -1.0000000000000000e+01   0.0000000000000000e+00
         722   -1.3333333333333323e+01  -5.0000000000000000e+00   0.0000000000000000e+00
         723   -1.3333333333333329e+01   0.0000000000000000e+00   0.0000000000000000e+00
         724   -1.3333333333333336e+01   0.0000000000000000e+00   0.0000000000000000e+00
         725    3.3333333333498722e+01  -1.0000000000000000e+01   2.0000000000122167e+01
         726    6.6666666667833674e+00  -1.0000000000000000e+01   5.0000000001535714e+00
         727    4.0000000000000000e+01  -1.0000000000000000e+01   2.4999999999999996e+01
         728    4.0000000000000000e+01  -1.0000000000000000e+01   2.5000000000000000e+01
         729    4.0000000000000000e+01  -4.9999999999571161e+00   2.4999999999964157e+01
         730    2.6666666666794374e+01  -1.0000000000000000e+01   1.5000000000140421e+01
         731    3.3333333333333343e+01   0.0000000000000000e+00   1.9999999999999996e+01
         732    6.6666666666666607e+00   0.0000000000000000e+00   5.0000000000000044e+00
         733   -6.6666666666666714e+00  -1.0000000000000000e+01   0.0000000000000000e+00
         734   -6.6666666666666714e+00  -1.0000000000000000e+01   0.0000000000000000e+00
         735    4.0000000000000000e+01   0.0000000000000000e+00   2.4999999999999996e+01
         736    4.0000000000000000e+01   0.0000000000000000e+00   2.4999999999999996e+01
         737   -6.6666666666666572e+00  -5.0000000000000000e+00   0.0000000000000000e+00
         738    2.6666666666666718e+01   0.0000000000000000e+00   1.5000000000000050e+01
         739   -6.6666666666666572e+00   0.0000000000000000e+00   0.0000000000000000e+00
         740   -6.6666666666666714e+00   0.0000000000000000e+00   0.0000000000000000e+00
         741    2.0000000000114923e+01  -1.0000000000000000e+01   1.0000000000164192e+01
         742    1.9999999999999986e+01   0.0000000000000000e+00   9.9999999999999964e+00
         743    0.0000000000000000e+00  -1.0000000000000000e+01   0.0000000000000000e+00
         744    0.0000000000000000e+00  -1.0000000000000000e+01   0.0000000000000000e+00
         745    0.0000000000000000e+00  -5.0000000000000000e+00   0.0000000000000000e+00
         746    1.3333333333441423e+01  -1.0000000000000000e+01   5.0000000001653166e+00
         747    0.0000000000000000e+00   0.0000000000000000e+00   0.0000000000000000e+00
         748    0.0000000000000000e+00   0.0000000000000000e+00   0.0000000000000000e+00
         749    1.3333333333333320e+01   0.0000000000000000e+00   5.0000000000000027e+00
         750    4.0000000000000000e+01  -1.0000000000000000e+01   2.0000000000000000e+01
         751    4.0000000000000000e+01  -1.0000000000000000e+01   2.0000000000000000e+01
         752    3.3333333333468921e+01  -9.9999999999999982e+00   1.5000000000149090e+01
         753    4.0000000000000000e+01  -4.9999999999548068e+00   1.9999999999962778e+01
         754    4.0000000000000000e+01   0.0000000000000000e+00   2.0000000000000000e+01
         755    4.0000000000000000e+01   0.0000000000000000e+00   2.0000000000000000e+01
         756    3.3333333333333357e+01   0.0000000000000000e+00   1.5000000000000023e+01
         757    2.6666666666774717e+01  -1.0000000000000000e+01   1.0000000000165087e+01
         758    6.6666666666666572e+00  -1.0000000000000000e+01   0.0000000000000000e+00
         759    6.6666666666666572e+00  -1.0000000000000000e+01   0.0000000000000000e+00
         760    6.6666666666666785e+00  -5.0000000000000000e+00   0.0000000000000000e+00
         761    2.6666666666666664e+01   0.0000000000000000e+00   9.9999999999999929e+00
         762    6.6666666666666572e+00   0.0000000000000000e+00   0.0000000000000000e+00
         763    6.6666666666666714e+00   0.0000000000000000e+00   0.0000000000000000e+00
         764    2.0000000000101288e+01  -1.0000000000000000e+01   5.0000000001765272e+00
         765    2.0000000000000000e+01   0.0000000000000000e+00   5.0000000000000107e+00
         766    1.3333333333333329e+01  -1.0000000000000000e+01   0.0000000000000000e+00
         767    1.3333333333333329e+01  -1.0000000000000000e+01   0.0000000000000000e+00
         768    1.3333333333333321e+01  -4.9999999999999991e+00   0.0000000000000000e+00
         769    1.3333333333333336e+01   0.0000000000000000e+00   0.0000000000000000e+00
         770    1.3333333333333329e+01   0.0000000000000000e+00   0.0000000000000000e+00
         771    4.0000000000000000e+01  -1.0000000000000000e+01   1.5000000000000000e+01
         772    4.0000000000000000e+01  -1.0000000000000000e+01   1.5000000000000000e+01
         773    4.0000000000000000e+01  -4.9999999999548850e+00   1.4999999999963302e+01
         774    3.3333333333443008e+01  -1.0000000000000000e+01   1.0000000000172511e+01
         775    4.0000000000000000e+01   0.0000000000000000e+00   1.5000000000000000e+01
         776    4.0000000000000000e+01   0.0000000000000000e+00   1.5000000000000000e+01
         777    3.3333333333333357e+01   0.0000000000000000e+00   1.0000000000000004e+01
         778    2.6666666666760516e+01  -1.0000000000000000e+01   5.0000000001832392e+00
         779    2.6666666666666679e+01   0.0000000000000000e+00   5.0000000000000080e+00
         780    2.0000000000000000e+01  -1.0000000000000000e+01   0.0000000000000000e+00
         781    2.0000000000000000e+01  -1.0000000000000000e+01   0.0000000000000000e+00
         782    1.9999999999999986e+01  -5.0000000000000000e+00   0.0000000000000000e+00
         783    2.0000000000000000e+01   0.0000000000000000e+00   0.0000000000000000e+00
         784    2.0000000000000000e+01   0.0000000000000000e+00   0.0000000000000000e+00
         785    4.0000000000000000e+01  -1.0000000000000000e+01   1.0000000000000000e+01
         786    4.0000000000000000e+01  -1.0000000000000000e+01   1.0000000000000000e+01
         787    4.0000000000000000e+01  -4.9999999999543636e+00   9.9999999999633538e+00
         788    4.0000000000000000e+01   0.0000000000000000e+00   1.0000000000000000e+01
         789    4.0000000000000000e+01   0.0000000000000000e+00   1.0000000000000000e+01
         790    3.3333333333424015e+01  -1.0000000000000000e+01   5.0000000001896474e+00
         791    3.3333333333333336e+01   0.0000000000000000e+00   5.0000000000000027e+00
         792    2.6666666666666671e+01  -1.0000000000000000e+01   0.0000000000000000e+00
         793    2.6666666666666671e+01  -1.0000000000000000e+01   0.0000000000000000e+00
         794    2.6666666666666686e+01  -5.0000000000000000e+00   0.0000000000000000e+00
         795    2.6666666666666671e+01   0.0000000000000000e+00   0.0000000000000000e+00
         796    2.6666666666666668e+01   0.0000000000000000e+00   0.0000000000000000e+00
         797    4.0000000000000000e+01  -1.0000000000000000e+01   5.0000000000000036e+00
         798    4.0000000000000000e+01  -1.0000000000000000e+01   5.0000000000000000e+00
         799    4.0000000000000000e+01  -4.9999999999566356e+00   4.9999999999654285e+00
         800    4.0000000000000000e+01   0.0000000000000000e+00   5.0000000000000000e+00
         801    4.0000000000000000e+01   0.0000000000000000e+00   5.0000000000000000e+00
         802    3.3333333333333343e+01  -1.0000000000000000e+01   0.0000000000000000e+00
         803    3.3333333333333343e+01  -1.0000000000000000e+01   0.0000000000000000e+00
         804    3.3333333333333343e+01  -5.0000000000000000e+00   0.0000000000000000e+00
         805    3.3333333333333336e+01   0.0000000000000000e+00   0.0000000000000000e+00
         806    3.3333333333333343e+01   0.0000000000000000e+00   0.0000000000000000e+00
         807    4.0000000000000000e+01  -1.0000000000000000e+01   0.0000000000000000e+00
         808    4.0000000000000000e+01  -1.0000000000000000e+01   0.0000000000000000e+00
         809    4.0000000000000000e+01  -1.0000000000000000e+01   0.0000000000000000e+00
         810    4.0000000000000000e+01  -5.0000000000000000e+00   0.0000000000000000e+00
         811    4.0000000000000000e+01  -5.0000000000000000e+00   0.0000000000000000e+00
         812    4.0000000000000000e+01   0.0000000000000000e+00   0.0000000000000000e+00
         813    4.0000000000000000e+01   0.0000000000000000e+00   0.0000000000000000e+00
         814    4.0000000000000000e+01   0.0000000000000000e+00   0.0000000000000000e+00
[elements]
         166
           1 quad9 1            1           29          13          35          42          18          20          38          31          24
           2 quad9 1            1           58          29          42          70          40          31          57          61          45
           3 quad9 1            1           98          58          70         109          78          61          86         103          81
           4 quad9 1            1          149          98         109         160         120         103         134         150         126
           5 quad9 1            1           42          35          75          82          38          51          77          60          56
           6 quad9 1            1           70          42          82         107          57          60          87          85          71
           7 quad9 1            1          109          70         107         140          86          85         118         121         105
           8 quad9 1            1          160         109         140         187         134         121         163         170         147
           9 quad9 1            1           82          75         130         136          77         100         133         108         104
          10 quad9 1            1          107          82         136         155          87         108         145         129         114
          11 quad9 1            1          140         107         155         189         118         129         172         165         144
          12 quad9 1            1          187         140         189         231         163         165         208         207         184
          13 quad9 1            1          136         130         197         204         133         161         200         169         166
          14 quad9 1            1          155         136         204         223         145         169         209         188         173
          15 quad9 1            1          189         155         223         250         172         188         237         220         201
          16 quad9 1            1          231         189         250         292         208         220         268         262         241
          17 quad9 1            1          204         197         278         281         200         236         280         243         239
          18 quad9 1            1          223         204         281         301         209         243         288         260         247
          19 quad9 1            1          250         223         301         332         237         260         311         287         272
          20 quad9 1            1          292         250         332         377         268         287         350         333         307
          21 quad9 1            1          281         278         382         393         280         319         387         327         323
          22 quad9 1            1          301         281         393         415         288         327         401         347         341
          23 quad9 1            1          332         301         415         445         311         347         429         390         358
          24 quad9 1            1          377         332         445         481         350         390         463         438         412
          25 quad9 1            1          217         149         160         224         180         150         190         221         185
          26 quad9 1            1          299         217         224         306         257         221         264         302         259
          27 quad9 1            1          224         160         187         252         190         170         219         240         203
          28 quad9 1            1          306         224         252         337         264         240         290         315         276
          29 quad9 1            1          252         187         231         298         219         207         263         273         242
          30 quad9 1            1          337         252         298         392         290         273         340         352         309
          31 quad9 1            1          298         231         292         356         263         262         321         324         289
          32 quad9 1            1          392         298         356         455         340         324         413         422         360
          33 quad9 1            1          356         292         377         453         321         333         418         411         359
          34 quad9 1            1          455         356         453         524         413         411         489         492         451
          35 quad9 1            1          453         377         481         534         418         438         507         495         465
          36 quad9 1            1          524         453         534         593         489         495         564         557         526
          37 quad9 1            1          380         299         306         397         338         302         345         388         342
          38 quad9 1            1          472         380         397         480         435         388         441         474         436
          39 quad9 1            1          397         306         337         424         345         315         373         409         353
          40 quad9 1            1          480         397         424         498         441         409         466         491         450
          41 quad9 1            1          424         337         392         467         373         352         433         446         403
          42 quad9 1            1          498         424         467         535         466         446         499         517         483
          43 quad9 1            1          467         392         455         519         433         422         488         494         458
          44 quad9 1            1          535         467         519         577         499         494         549         556         525
          45 quad9 1            1          519         455         524         572         488         492         550         544         518
          46 quad9 1            1          577         519         572         633         549         544         602         604         571
          47 quad9 1            1          572         524         593         642         550         557         615         607         580
          48 quad9 1            1          633         572         642         704         602         607         671         662         634
          49 quad9 1            1          754         701         633         704         731         661         662         735         697
          50 quad9 1            1          789         761         701         754         777         738         731         775         756
          51 quad9 1            1          814         795         761         789         806         779         777         800         791
          52 quad9 1            1          701         645         577         633         669         608         604         661         636
          53 quad9 1            1          761         719         645         701         742         676         669         738         710
          54 quad9 1            1          795         770         719         761         783         749         742         779         765
          55 quad9 1            1          645         600         535         577         625         567         556         608         591
          56 quad9 1            1          719         673         600         645         680         635         625         676         652
          57 quad9 1            1          770         748         673         719         762         717         680         749         732
          58 quad9 1            1          600         568         498         535         587         536         517         567         552
          59 quad9 1            1          673         644         568         600         653         605         587         635         622
          60 quad9 1            1          748         724         644         673         740         677         653         717         687
          61 quad9 1            1          568         555         480         498         562         516         491         536         527
          62 quad9 1            1          644         626         555         568         629         590         562         605         596
          63 quad9 1            1          724         708         626         644         715         660         629         677         672
          64 quad9 1            1          555         546         472         480         548         510         474         516         511
          65 quad9 1            1          626         620         546         555         623         582         548         590         584
          66 quad9 1            1          708         695         620         626         700         654         623         660         656
          67 quad9 1            2           88         141         152         106         112         146         128          93         117
          68 quad9 1            2           49          88         106          62          69          93          83          55          73
          69 quad9 1            2           17          49          62          37          33          55          48          23          39
          70 quad9 1            2            1          17          37          25           7          23          28           9          12
          71 quad9 1            2          106         152         179         135         128         167         156         115         139
          72 quad9 1            2           62         106         135          99          83         115         111          80          96
          73 quad9 1            2           37          62          99          76          48          80          84          54          63
          74 quad9 1            2           25          37          76          64          28          54          67          43          47
          75 quad9 1            2          135         179         225         183         156         202         205         157         177
          76 quad9 1            2           99         135         183         151         111         157         168         122         137
          77 quad9 1            2           76          99         151         132          84         122         138         102         110
          78 quad9 1            2           64          76         132         123          67         102         127          90          95
          79 quad9 1            2          183         225         286         245         205         255         265         213         233
          80 quad9 1            2          151         183         245         216         168         213         228         182         195
          81 quad9 1            2          132         151         216         199         138         182         206         164         171
          82 quad9 1            2          123         132         199         191         127         164         194         154         159
          83 quad9 1            2          245         286         362         325         265         326         346         282         304
          84 quad9 1            2          216         245         325         296         228         282         308         254         266
          85 quad9 1            2          199         216         296         279         206         254         283         238         244
          86 quad9 1            2          191         199         279         270         194         238         275         226         230
          87 quad9 1            2          325         362         477         439         346         432         456         376         405
          88 quad9 1            2          296         325         439         407         308         376         421         344         354
          89 quad9 1            2          279         296         407         384         283         344         396         322         335
          90 quad9 1            2          270         279         384         365         275         322         372         312         317
          91 quad9 1            2          210         222         152         141         215         186         146         175         178
          92 quad9 1            2          293         303         222         210         297         261         215         249         253
          93 quad9 1            2          222         246         179         152         232         212         167         186         198
          94 quad9 1            2          303         328         246         222         310         285         232         261         269
          95 quad9 1            2          246         291         225         179         267         258         202         212         234
          96 quad9 1            2          328         378         291         246         348         331         267         285         305
          97 quad9 1            2          291         351         286         225         318         314         255         258         284
          98 quad9 1            2          378         452         351         291         417         406         318         331         357
          99 quad9 1            2          351         449         362         286         404         416         326         314         355
         100 quad9 1            2          452         520         449         351         486         485         404         406         448
         101 quad9 1            2          449         529         477         362         493         500         432         416         460
         102 quad9 1            2          520         588         529         449         554         560         493         485         522
         103 quad9 1            2          363         391         303         293         374         343         297         330         336
         104 quad9 1            2          468         475         391         363         471         437         374         427         431
         105 quad9 1            2          391         419         328         303         402         361         310         343         349
         106 quad9 1            2          475         496         419         391         487         461         402         437         447
         107 quad9 1            2          419         464         378         328         442         425         348         361         399
         108 quad9 1            2          496         531         464         419         513         497         442         461         478
         109 quad9 1            2          464         515         452         378         490         484         417         425         454
         110 quad9 1            2          531         573         515         464         553         542         490         497         521
         111 quad9 1            2          515         570         520         452         537         543         486         484         514
         112 quad9 1            2          573         628         570         515         599         598         537         542         569
         113 quad9 1            2          570         638         588         520         603         610         554         543         574
         114 quad9 1            2          628         696         638         570         659         666         603         598         630
         115 quad9 1            2          538         551         475         468         541         512         471         503         508
         116 quad9 1            2          612         624         551         538         618         585         541         575         579
         117 quad9 1            2          683         702         624         612         690         657         618         648         651
         118 quad9 1            2          551         566         496         475         558         532         487         512         523
         119 quad9 1            2          624         639         566         551         627         601         558         585         595
         120 quad9 1            2          702         720         639         624         711         675         627         657         664
         121 quad9 1            2          566         597         531         496         581         565         513         532         547
         122 quad9 1            2          639         668         597         566         647         631         581         601         617
         123 quad9 1            2          720         743         668         639         734         713         647         675         679
         124 quad9 1            2          597         641         573         531         619         606         553         565         586
         125 quad9 1            2          668         718         641         597         678         674         619         631         646
         126 quad9 1            2          743         766         718         668         758         746         678         713         726
         127 quad9 1            2          641         688         628         573         663         658         599         606         632
         128 quad9 1            2          718         757         688         641         741         730         663         674         707
         129 quad9 1            2          766         793         757         718         780         778         741         746         764
         130 quad9 1            2          688         751         696         628         725         727         659         658         684
         131 quad9 1            2          757         785         751         688         774         771         725         730         752
         132 quad9 1            2          793         808         785         757         803         798         774         778         790
         133 quad9 1            3           89          97         148         142          92         119         143         113         116
         134 quad9 1            3           50          59          97          89          53          79          92          68          72
         135 quad9 1            3           16          30          59          50          22          41          53          32          36
         136 quad9 1            3            2          15          30          16           5          19          22           6          10
         137 quad9 1            3          211         142         148         218         174         143         181         214         176
         138 quad9 1            3          294         211         218         300         248         214         256         295         251
         139 quad9 1            3          383         366         294         300         368         329         295         339         334
         140 quad9 1            3          473         469         366         383         470         426         368         434         428
         141 quad9 1            3          539         469         473         545         504         470         509         540         505
         142 quad9 1            3          613         539         545         621         576         540         583         614         578
         143 quad9 1            3          681         613         621         693         649         614         655         685         650
         144 quad9 1            4          440         476         482         444         457         479         462         443         459
         145 quad9 1            4          408         440         444         414         420         443         430         410         423
         146 quad9 1            4          385         408         414         394         395         410         400         389         398
         147 quad9 1            4          367         385         394         381         371         389         386         370         375
         148 quad9 1            4          594         533         528         589         563         530         559         592         561
         149 quad9 1            4          533         482         476         528         506         479         501         530         502
         150 quad9 1            4          643         637         694         705         640         665         698         670         667
         151 quad9 1            4          594         589         637         643         592         609         640         616         611
         152 quad9 1            4          786         809         813         788         797         811         801         787         799
         153 quad9 1            4          750         786         788         755         772         787         776         753         773
         154 quad9 1            4          694         750         755         705         728         753         736         698         729
         155 quad9 1            5            3          26          34          14           8          27          21           4          11
         156 quad9 1            5           26          65          74          34          44          66          52          27          46
         157 quad9 1            5           65         124         131          74          91         125         101          66          94
         158 quad9 1            5          124         192         196         131         153         193         162         125         158
         159 quad9 1            5          192         271         277         196         227         274         235         193         229
         160 quad9 1            5          271         364         379         277         313         369         320         274         316
         161 quad9 1            6          682         692         709         703         686         699         706         689         691
         162 quad9 1            6          703         709         723         721         706         716         722         712         714
         163 quad9 1            6          721         723         747         744         722         739         745         733         737
         164 quad9 1            6          744         747         769         767         745         763         768         759         760
         165 quad9 1            6          767         769         796         792         768         784         794         781         782
         166 quad9 1            6          792         796         812         807         794         805         810         802         804


[parts]
           6
           1 Upstream_face
           2 Downstream_face
           3 Left_face
           4 Right_face
           5 Top_face
           6 Down_face


[export]
complex_notation = cartesian
nso_nodes = 1 131

[materials]
1
1 elastic_solid E 19599921600. rho 2300. nu 0.2 xi 0.01

[boundaries]
6
1 1 ordinary
2 2 ordinary
3 3 ordinary
4 4 ordinary
5 5 ordinary
6 6 ordinary


[regions]
1

1 be
6 1 2 3 4 5 6
material 1
0
0

[conditions over be boundaries]


boundary 3: 0 (0.,0.)
            1 (0.,0.)
            1 (0.,0.)
boundary 4: 0 (0.,0.)
            1 (0.,0.)
            1 (0.,0.)
boundary 5: 1 (0.,0.)
            1 (0.,0.)
            1 (0.,0.)
boundary 6: 0 (0.,0.)
            0 (1.,0.)
            0 (0.,0.)
